

--------------------------------------------------------------------------------------

同一时间段评估数据指的是一段时间的数据每条随机分到训练和测试集合中。
不同时间段数据指的是训练和测试位于不同时间段。

1元分割区间,包括content_title特征,hash为2^24,同一时间段数据评估

(1000, 1100) 86543 [ 86388.      1.      0.      0.      0.    154.      0.      0.      0.  0.]
(200, 300) 70289 [ 29151.  38770.      0.    134.   2005.      0.    229.      0.      0.  0.]
(1100, 1200) 37131 [ 37019.      5.      0.      0.      4.    102.      1.      0.      0.  0.]
(500, 600) 23306 [  1392.   3160.      0.    314.   1348.  17066.     26.      0.      0.  0.]
(400, 500) 23043 [   275.  11063.      0.    337.  11351.      0.     17.      0.      0.  0.]
(600, 700) 13706 [     0.      0.      0.      0.      0.  13706.      0.      0.      0.  0.]
(300, 400) 6791 [  404.  4886.     0.    13.   433.     0.  1055.     0.     0.     0.]
(700, 800) 4790 [    0.  2790.     0.   127.  1706.   167.     0.     0.     0.     0.]
(800, 900) 999 [   0.  531.    0.   30.   80.  352.    6.    0.    0.    0.]
(900, 1000) 510 [   0.   52.    0.    2.    4.  450.    2.    0.    0.    0.]
auc evaluation
------ total evalution 
0.553137967553
------ seperate evalution 
(900, 1000) 510 0.964867325959
(1000, 1100) 86543 0.82271557021
(1100, 1200) 37131 0.748495776312
(200, 300) 70289 0.789241753703
(300, 400) 6791 0.910794822956
(400, 500) 23043 0.953191125886
(500, 600) 23306 0.720335625459
(600, 700) 13706 0.968304913372
(700, 800) 4790 0.886524877714
(800, 900) 999 0.962135505314


0.5元分割区间,包括content_title特征,hash为2^24,同一时间段数据评估

(1050, 1100) 86464 [ 86388.  1.  0.  0.  0.   75.  0.  0.  0.  0.  0.  0.  0.  0.  0.  0.  0.]
(250, 300) 70289 [ 29152.  38653.  0.  133.   2123.  0.  0.  228.  0.  0.  0.  0.  0.  0.  0.  0.  0.]
(1100, 1150) 29375 [ 29316.  5.  0.  0.  4.   49.  0.  1.  0.  0.  0.  0.  0.  0.  0.  0.  0.]
(500, 550) 22954 [  1392.   3162.  0.  341.   1335.  16699.  0.   25.  0.  0.  0.  0.  0.  0.  0.  0.  0.]
(450, 500) 21012 [   0.   9575.  0.  302.  11131.  0.  0.  4.  0.  0.  0.  0.  0.  0.  0.  0.  0.]
(600, 650) 12269 [   0.  0.  0.  0.  0.  12269.  0.  0.  0.  0.  0.  0.  0.  0.  0.  0.  0.]
(1150, 1200) 7756 [ 7703.   0.   0.   0.   0.  53.   0.   0.   0.   0.  0.   0.   0.   0.   0.   0.   0.]
(300, 350) 6248 [  0.  4778.   0.  11.   402.   0.   0.  1057.   0.   0.  0.   0.   0.   0.   0.   0.   0.]
(750, 800) 4727 [  0.  2621.   0.   133.  1869.   104.   0.   0.   0.   0.  0.   0.   0.   0.   0.   0.   0.]
(400, 450) 2031 [  275.  1386.   0.  37.   319.   0.   0.  14.   0.   0.  0.   0.   0.   0.   0.   0.   0.]
(650, 700) 1437 [  0.   0.   0.   0.   0.  1437.   0.   0.   0.   0.  0.   0.   0.   0.   0.   0.   0.]
(800, 850) 800 [   0.  505.  0.   25.   91.  174.  0.  5.  0.  0.  0.  0.  0.  0.  0.  0.  0.]
(350, 400) 543 [ 405.  116.  0.  2.   19.  0.  0.  1.  0.  0.  0.  0.  0.  0.  0.  0.  0.]
(550, 600) 352 [   0.  0.  0.  0.  0.  352.  0.  0.  0.  0.  0.  0.  0.  0.  0.  0.  0.]
(950, 1000) 263 [   0.   23.  0.  1.  5.  234.  0.  0.  0.  0.  0.  0.  0.  0.  0.  0.  0.]
(900, 950) 247 [   0.   28.  0.  1.  0.  216.  0.  2.  0.  0.  0.  0.  0.  0.  0.  0.  0.]
(850, 900) 199 [   0.   17.  0.  2.  1.  178.  0.  1.  0.  0.  0.  0.  0.  0.  0.  0.  0.]
auc evaluation
------ total evalution 
0.412388089065
------ seperate evalution 
(450, 500) 21012 0.958721821448
(500, 550) 22954 0.732357632002
(600, 650) 12269 0.965535021241
(650, 700) 1437 0.991938307196
(750, 800) 4727 0.904760739515
(1050, 1100) 86464 0.822822566583
(1100, 1150) 29375 0.740457092813
(1150, 1200) 7756 0.652301621137
(250, 300) 70289 0.78944352851
(300, 350) 6248 0.93504230475
(400, 450) 2031 0.861475809894


0.5元分割区间,包括content_title特征,hash为2^24,不同时间段评估数据

(550, 600) 83548 [   0.  34974.      3.  14452.    212.      0.      0.      0.   2457.  0.      0.      0.]
(250, 300) 70195 [   0.  67186.      0.      0.    588.      0.      0.      0.    126.  0.      0.      0.]
(650, 700) 21603 [   0.   4500.      4.  14583.    114.      0.      0.      0.    146.  0.      0.      0.]
(600, 650) 15063 [   0.      0.      0.  15049.      0.      0.      0.      0.     14.  0.      0.      0.]
(300, 350) 11802 [   0.  10283.      0.      0.    654.      0.      0.      0.     82.  0.      0.      0.]
(800, 850) 11517 [   0.  8513.     0.   266.   185.     0.     0.     0.   235.     0.  0.     0.]
(700, 750) 1386 [    0.     0.     0.  1353.     0.     0.     0.     0.    33.     0.  0.     0.]
(750, 800) 1066 [    0.     0.     0.  1048.     0.     0.     0.     0.    18.     0.  0.     0.]
(500, 550) 751 [   0.  132.    0.  500.    0.    0.    0.    0.    5.    0.    0.    0.]
(1400, 1450) 306 [   0.    0.    0.  306.    0.    0.    0.    0.    0.    0.    0.    0.]
(900, 950) 135 [   0.    0.    0.  135.    0.    0.    0.    0.    0.    0.    0.    0.]
(850, 900) 117 [   0.    0.    0.  117.    0.    0.    0.    0.    0.    0.    0.    0.]
auc evaluation
------ total evalution 
0.40281177381
------ seperate evalution 
(550, 600) 83548 0.458661851118
(600, 650) 15063 0.937476913254
(650, 700) 21603 0.800128207107
(700, 750) 1386 0.847995580735
(750, 800) 1066 0.0653841859724
(800, 850) 11517 0.719322757614
(250, 300) 70195 0.867279480725
(300, 350) 11802 0.785648960394


综上，可以选用0.5分割区间。


