

-------------------------youku                                                                                         
(550, 600) 83548 [     0.  41822.      0.  14581.    122.      0.      0.      0.   1531.  0.      0.      0.] 
(250, 300) 70195 [     0.  68413.      0.      0.    283.      0.      0.      0.     67.  0.      0.      0.] 
(650, 700) 21603 [     0.   5042.      0.  14587.     60.      0.      0.      0.     99.  0.      0.      0.] 
(600, 650) 15063 [     0.      0.      0.  15063.      0.      0.      0.      0.      0.  0.      0.      0.] 
(300, 350) 11802 [     0.  10862.      0.      0.    346.      0.      0.      0.     36.  0.      0.      0.] 
(800, 850) 11517 [    0.  9201.     0.   266.    88.     0.     0.     0.   157.     0.  0.     0.] 
(700, 750) 1386 [    0.     0.     0.  1386.     0.     0.     0.     0.     0.     0.  0.     0.] 
(750, 800) 1066 [    0.     0.     0.  1066.     0.     0.     0.     0.     0.     0.  0.     0.] 
(500, 550) 751 [   0.  162.    0.  500.    0.    0.    0.    0.    3.    0.    0.    0.] 
(1400, 1450) 306 [   0.    0.    0.  306.    0.    0.    0.    0.    0.    0.    0.    0.] 
(900, 950) 135 [   0.    0.    0.  135.    0.    0.    0.    0.    0.    0.    0.    0.] 
(850, 900) 117 [   0.    0.    0.  117.    0.    0.    0.    0.    0.    0.    0.    0.] 
------ total evalution 
0.400970958084
------ seperate evalution 
(500, 550) 751 class separate auc 0.658813115229
(550, 600) 83548 class separate auc 0.546408174144
(600, 650) 15063 class separate auc 0.932157621614
(650, 700) 21603 class separate auc 0.79989001789
(700, 750) 1386 class separate auc 0.847393029421
(750, 800) 1066 class separate auc 0.885332369017
(800, 850) 11517 class separate auc 0.695146824383
(850, 900) 117 class separate auc 0.861979961655
(900, 950) 135 class separate auc 0.854811635743
(950, 1000) 94 class separate auc 0.859821564488
(1000, 1050) 86 class separate auc 0.861244591432
(1050, 1100) 89 class separate auc 0.922139630974
(1100, 1150) 25 class separate auc 0.922722576501
(1150, 1200) 27 class separate auc 0.855012866313
(1200, 1250) 75 class separate auc 0.96098097161
(1250, 1300) 39 class separate auc 0.97995055224
(1300, 1350) 35 class separate auc 0.984096754319
(1350, 1400) 21 class separate auc 0.981804841731
(1400, 1450) 306 class separate auc 0.95632620885
(250, 300) 70195 class separate auc 0.854072219126
(300, 350) 11802 class separate auc 0.771388383793
(400, 450) 15 class separate auc 0.663916261431
weighted_auc 0.723017904378




- adiquity
flag_idx_map {'10': 1, '1': 0, '3': 3, '2': 2, '5': 5, '4': 4, '7': 7, '6': 6, '9': 9, '8': 8}
sorted_filter_class ['2', '3']
sorted_filter_idx [2, 3]
矩阵索引 类标记
0 1 (0, 0.05)
1 10 (0.45, 0.5)
2 2 (0.05, 0.1)
3 3 (0.1, 0.15)
4 4 (0.15, 0.2)
5 5 (0.2, 0.25)
6 6 (0.25, 0.3)
7 7 (0.3, 0.35)
8 8 (0.35, 0.4)
9 9 (0.4, 0.45)
confusion matrix [[    0.     0.     0.     0.     0.     0.     0.     0.     0.     0.]
 [    0.     0.     0.     0.     0.     0.     0.     0.     0.     0.]
 [    0.     0.  5305.     0.     0.     0.     0.     0.     0.     0.]
 [    0.     0.     0.  1399.     0.     0.     0.     0.     0.     0.]
 [    0.     0.     0.    97.     0.     0.     0.     0.     0.     0.]
 [    0.     0.     0.    12.     0.     0.     0.     0.     0.     0.]
 [    0.     0.     0.     0.     0.     0.     0.     0.     0.     0.]
 [    0.     0.     0.     0.     0.     0.     0.     0.     0.     0.]
 [    0.     0.     0.     0.     0.     0.     0.     0.     0.     0.]
 [    0.     0.     0.     0.     0.     0.     0.     0.     0.     0.]]
只列出测试样本数量大于1000的类别的分类效果
idx_flag_map {0: '1', 1: '10', 2: '2', 3: '3', 4: '4', 5: '5', 6: '6', 7: '7', 8: '8', 9: '9'}
(0.05, 0.1) 5305 [ 5305.     0.]
(0.1, 0.15) 1399 [    0.  1399.]
auc evaluation
------ total evalution 
0.371388491806
------ seperate evalution 
(0.05, 0.1) 5305 class separate auc 1.0
(0.15, 0.2) 97 class separate auc 0.960413046548
(0.2, 0.25) 12 class separate auc 0.943286526491
weighted_auc 0.998494575299
- axonix
flag_idx_map {'10': 1, '1': 0, '3': 3, '2': 2, '5': 5, '4': 4, '7': 7, '6': 6, '9': 9, '8': 8}
sorted_filter_class ['8', '7', '5', '4', '9', '10', '6']
sorted_filter_idx [8, 7, 5, 4, 9, 1, 6]
矩阵索引 类标记
0 1 (0, 0.05)
1 10 (0.45, 0.5)
2 2 (0.05, 0.1)
3 3 (0.1, 0.15)
4 4 (0.15, 0.2)
5 5 (0.2, 0.25)
6 6 (0.25, 0.3)
7 7 (0.3, 0.35)
8 8 (0.35, 0.4)
9 9 (0.4, 0.45)
confusion matrix [[     0.      0.      0.      0.      0.      0.      0.      0.      0.
       0.]
 [     0.   1046.      0.      0.      0.    706.    149.    572.    782.
     643.]
 [     0.      0.      0.      0.      0.      0.      0.      0.      0.
       0.]
 [     0.      0.      0.      0.      0.      4.      0.      6.      2.
       0.]
 [     0.      6.      0.      0.     23.   2172.    122.   3857.    207.
       0.]
 [     0.      4.      0.      0.      2.   6738.    173.    558.    450.
       2.]
 [     0.     15.      0.      0.      0.    183.    690.    292.    314.
      29.]
 [     0.      8.      0.      0.      0.   1378.    183.   6986.   2093.
       6.]
 [     0.     16.      0.      0.      0.    146.      0.    803.  22599.
    1146.]
 [     0.      9.      0.      0.      3.    230.     29.    509.   2181.
    1733.]]
只列出测试样本数量大于1000的类别的分类效果
idx_flag_map {0: '1', 1: '10', 2: '2', 3: '3', 4: '4', 5: '5', 6: '6', 7: '7', 8: '8', 9: '9'}
(0.35, 0.4) 24710 [ 22599.    803.    146.      0.   1146.     16.      0.]
(0.3, 0.35) 10654 [ 2093.  6986.  1378.     0.     6.     8.   183.]
(0.2, 0.25) 7927 [  450.   558.  6738.     2.     2.     4.   173.]
(0.15, 0.2) 6387 [  207.  3857.  2172.    23.     0.     6.   122.]
(0.4, 0.45) 4694 [ 2181.   509.   230.     3.  1733.     9.    29.]
(0.45, 0.5) 3898 [  782.   572.   706.     0.   643.  1046.   149.]
(0.25, 0.3) 1523 [ 314.  292.  183.    0.   29.   15.  690.]
auc evaluation
------ total evalution 
0.643722784767
------ seperate evalution 
(0.45, 0.5) 3898 class separate auc 0.883600011795
(0.15, 0.2) 6387 class separate auc 0.981777369595
(0.2, 0.25) 7927 class separate auc 0.962358993626
(0.25, 0.3) 1523 class separate auc 0.954852837799
(0.3, 0.35) 10654 class separate auc 0.849772994709
(0.35, 0.4) 24710 class separate auc 0.934438522046
(0.4, 0.45) 4694 class separate auc 0.870158746978
weighted_auc 0.920286391338
- doubleclick
flag_idx_map {'10': 1, '1': 0, '3': 3, '2': 2, '5': 5, '4': 4, '7': 7, '6': 6, '9': 9, '8': 8}
sorted_filter_class ['1', '4', '3', '2', '5', '6', '8', '7']
sorted_filter_idx [0, 4, 3, 2, 5, 6, 8, 7]
矩阵索引 类标记
0 1 (0, 0.05)
1 10 (0.45, 0.5)
2 2 (0.05, 0.1)
3 3 (0.1, 0.15)
4 4 (0.15, 0.2)
5 5 (0.2, 0.25)
6 6 (0.25, 0.3)
7 7 (0.3, 0.35)
8 8 (0.35, 0.4)
9 9 (0.4, 0.45)
confusion matrix [[ 31796.      0.      0.     14.      1.      0.      0.      0.      0.
       0.]
 [     0.      0.      0.      0.      0.      0.      0.      0.      0.
       0.]
 [ 16235.      0.      1.     88.    380.      0.      0.      0.      0.
       0.]
 [ 15973.      0.      0.   6460.    800.      0.      0.      0.      0.
       0.]
 [ 12605.      0.      0.   2197.  10058.      0.      0.      0.      0.
       0.]
 [   624.      0.      0.    173.    199.      0.      0.      0.      0.
       0.]
 [   594.      0.      0.    127.    120.      0.      0.      0.      0.
       0.]
 [   493.      0.      0.     54.    124.      0.      0.      0.      0.
       0.]
 [   513.      0.      0.     55.    161.      0.      0.      0.      0.
       0.]
 [    15.      0.      0.      0.      7.      0.      0.      0.      0.
       0.]]
只列出测试样本数量大于1000的类别的分类效果
idx_flag_map {0: '1', 1: '10', 2: '2', 3: '3', 4: '4', 5: '5', 6: '6', 7: '7', 8: '8', 9: '9'}
(0, 0.05) 31811 [ 31796.      1.     14.      0.      0.      0.      0.      0.]
(0.15, 0.2) 24860 [ 12605.  10058.   2197.      0.      0.      0.      0.      0.]
(0.1, 0.15) 23233 [ 15973.    800.   6460.      0.      0.      0.      0.      0.]
(0.05, 0.1) 16704 [ 16235.    380.     88.      1.      0.      0.      0.      0.]
(0.2, 0.25) 996 [ 624.  199.  173.    0.    0.    0.    0.    0.]
(0.25, 0.3) 841 [ 594.  120.  127.    0.    0.    0.    0.    0.]
(0.35, 0.4) 729 [ 513.  161.   55.    0.    0.    0.    0.    0.]
(0.3, 0.35) 671 [ 493.  124.   54.    0.    0.    0.    0.    0.]
auc evaluation
------ total evalution 
0.765644153328
------ seperate evalution 
(0, 0.05) 31811 class separate auc 0.884502083
(0.05, 0.1) 16704 class separate auc 0.684511258469
(0.1, 0.15) 23233 class separate auc 0.761562472388
(0.15, 0.2) 24860 class separate auc 0.823409798995
(0.2, 0.25) 996 class separate auc 0.688451919358
(0.25, 0.3) 841 class separate auc 0.678283166508
(0.3, 0.35) 671 class separate auc 0.687898130177
(0.35, 0.4) 729 class separate auc 0.770494149279
(0.4, 0.45) 22 class separate auc 0.561110630568
weighted_auc 0.801326453349
- inmobi
flag_idx_map {'10': 1, '1': 0, '3': 3, '2': 2, '5': 5, '4': 4, '7': 7, '6': 6, '9': 9, '8': 8}
sorted_filter_class ['4', '3', '8', '7', '5', '9', '6', '2', '10']
sorted_filter_idx [4, 3, 8, 7, 5, 9, 6, 2, 1]
矩阵索引 类标记
0 1 (0, 0.05)
1 10 (0.45, 0.5)
2 2 (0.05, 0.1)
3 3 (0.1, 0.15)
4 4 (0.15, 0.2)
5 5 (0.2, 0.25)
6 6 (0.25, 0.3)
7 7 (0.3, 0.35)
8 8 (0.35, 0.4)
9 9 (0.4, 0.45)
confusion matrix [[    0.     0.     0.     0.     0.     0.     0.     0.     0.     0.]
 [    0.     0.     1.     2.    98.     0.     0.     0.     0.     0.]
 [    0.     0.   207.    21.     0.     0.     0.     0.     0.     0.]
 [    0.     0.    40.  2996.   279.     0.     0.     0.     0.     0.]
 [    0.     0.     8.   353.  5854.     0.     0.     0.     0.     0.]
 [    0.     0.     0.     2.   580.     0.     0.     0.     0.     0.]
 [    0.     0.     0.     3.   433.     0.     0.     0.     0.     0.]
 [    0.     0.     8.    15.   603.     0.     0.     0.     0.     0.]
 [    0.     0.     6.     3.   909.     0.     0.     0.     0.     0.]
 [    0.     0.     0.     2.   505.     0.     0.     0.     0.     0.]]
只列出测试样本数量大于1000的类别的分类效果
idx_flag_map {0: '1', 1: '10', 2: '2', 3: '3', 4: '4', 5: '5', 6: '6', 7: '7', 8: '8', 9: '9'}
(0.15, 0.2) 6215 [ 5854.   353.     0.     0.     0.     0.     0.     8.     0.]
(0.1, 0.15) 3315 [  279.  2996.     0.     0.     0.     0.     0.    40.     0.]
(0.35, 0.4) 918 [ 909.    3.    0.    0.    0.    0.    0.    6.    0.]
(0.3, 0.35) 626 [ 603.   15.    0.    0.    0.    0.    0.    8.    0.]
(0.2, 0.25) 582 [ 580.    2.    0.    0.    0.    0.    0.    0.    0.]
(0.4, 0.45) 507 [ 505.    2.    0.    0.    0.    0.    0.    0.    0.]
(0.25, 0.3) 436 [ 433.    3.    0.    0.    0.    0.    0.    0.    0.]
(0.05, 0.1) 228 [   0.   21.    0.    0.    0.    0.    0.  207.    0.]
(0.45, 0.5) 101 [ 98.   2.   0.   0.   0.   0.   0.   1.   0.]
auc evaluation
------ total evalution 
0.773333321274
------ seperate evalution 
(0.45, 0.5) 101 class separate auc 0.703020083719
(0.05, 0.1) 228 class separate auc 0.997435419257
(0.1, 0.15) 3315 class separate auc 0.985190884202
(0.15, 0.2) 6215 class separate auc 0.860638230429
(0.2, 0.25) 582 class separate auc 0.811126897814
(0.25, 0.3) 436 class separate auc 0.744621970905
(0.3, 0.35) 626 class separate auc 0.789835077078
(0.35, 0.4) 918 class separate auc 0.806401165332
(0.4, 0.45) 507 class separate auc 0.798425933557
weighted_auc 0.877896093555
- nexage
flag_idx_map {'10': 1, '1': 0, '3': 3, '2': 2, '5': 5, '4': 4, '7': 7, '6': 6, '9': 9, '8': 8}
sorted_filter_class ['4', '7', '10', '5', '8', '9', '3', '6']
sorted_filter_idx [4, 7, 1, 5, 8, 9, 3, 6]
矩阵索引 类标记
0 1 (0, 0.05)
1 10 (0.45, 0.5)
2 2 (0.05, 0.1)
3 3 (0.1, 0.15)
4 4 (0.15, 0.2)
5 5 (0.2, 0.25)
6 6 (0.25, 0.3)
7 7 (0.3, 0.35)
8 8 (0.35, 0.4)
9 9 (0.4, 0.45)
confusion matrix [[    0.     0.     0.     0.     0.     0.     0.     0.     0.     0.]
 [    0.   748.     0.     6.    15.     3.     0.    13.    31.     6.]
 [    0.     0.     0.     0.     0.     0.     0.     0.     0.     0.]
 [    0.     0.     0.   192.     0.     0.     0.     0.    73.     7.]
 [    0.     0.     0.    31.  6410.     0.     0.     4.     8.     0.]
 [    0.     0.     0.    24.    35.   470.     0.     0.    11.     3.]
 [    0.     0.     0.    37.    42.    18.     0.     0.     6.     1.]
 [    0.     0.     0.    14.    40.    11.     0.  2045.     1.     1.]
 [    0.     0.     0.    46.    25.     6.     0.    10.   299.     3.]
 [    0.     0.     0.    59.    31.    10.     0.    16.    37.   134.]]
只列出测试样本数量大于1000的类别的分类效果
idx_flag_map {0: '1', 1: '10', 2: '2', 3: '3', 4: '4', 5: '5', 6: '6', 7: '7', 8: '8', 9: '9'}
(0.15, 0.2) 6453 [ 6410.     4.     0.     0.     8.     0.    31.     0.]
(0.3, 0.35) 2112 [   40.  2045.     0.    11.     1.     1.    14.     0.]
(0.45, 0.5) 822 [  15.   13.  748.    3.   31.    6.    6.    0.]
(0.2, 0.25) 543 [  35.    0.    0.  470.   11.    3.   24.    0.]
(0.35, 0.4) 389 [  25.   10.    0.    6.  299.    3.   46.    0.]
(0.4, 0.45) 287 [  31.   16.    0.   10.   37.  134.   59.    0.]
(0.1, 0.15) 272 [   0.    0.    0.    0.   73.    7.  192.    0.]
(0.25, 0.3) 104 [ 42.   0.   0.  18.   6.   1.  37.   0.]
auc evaluation
------ total evalution 
0.328503694905
------ seperate evalution 
(0.45, 0.5) 822 class separate auc 0.980947240742
(0.1, 0.15) 272 class separate auc 0.987896482122
(0.15, 0.2) 6453 class separate auc 0.983333708004
(0.2, 0.25) 543 class separate auc 0.974942474715
(0.25, 0.3) 104 class separate auc 0.835892309107
(0.3, 0.35) 2112 class separate auc 0.988469496259
(0.35, 0.4) 389 class separate auc 0.949723431368
(0.4, 0.45) 287 class separate auc 0.915738247545
weighted_auc 0.979487554602
- smaato
flag_idx_map {'10': 1, '1': 0, '3': 3, '2': 2, '5': 5, '4': 4, '7': 7, '6': 6, '9': 9, '8': 8}
sorted_filter_class ['5', '1', '3', '2', '4', '8', '6', '7', '9', '10']
sorted_filter_idx [5, 0, 3, 2, 4, 8, 6, 7, 9, 1]
矩阵索引 类标记
0 1 (0, 0.05)
1 10 (0.45, 0.5)
2 2 (0.05, 0.1)
3 3 (0.1, 0.15)
4 4 (0.15, 0.2)
5 5 (0.2, 0.25)
6 6 (0.25, 0.3)
7 7 (0.3, 0.35)
8 8 (0.35, 0.4)
9 9 (0.4, 0.45)
confusion matrix [[   3772.       0.     694.   49434.     342.     256.       0.       0.
        0.       0.]
 [      0.      16.     110.       0.      10.       2.       0.       0.
        0.       0.]
 [    479.       0.    3895.    8087.    4148.   19692.       0.       3.
       53.       0.]
 [      0.       0.    1967.   30094.    3162.    7930.       0.       0.
        0.       0.]
 [      0.       0.     163.     545.   18751.     630.       0.       0.
        0.       0.]
 [    185.       0.    3776.   21700.   24723.  108685.    2638.       0.
        0.       0.]
 [     10.       0.      33.       4.      79.     285.     221.       0.
        0.       0.]
 [      0.       0.      69.       1.       0.     297.       0.      42.
        0.       0.]
 [      0.       0.     683.       0.       0.       0.       0.       0.
      218.       0.]
 [      0.       0.     106.       0.       7.      14.       0.       0.
        0.     199.]]
只列出测试样本数量大于1000的类别的分类效果
idx_flag_map {0: '1', 1: '10', 2: '2', 3: '3', 4: '4', 5: '5', 6: '6', 7: '7', 8: '8', 9: '9'}
(0.2, 0.25) 161707 [ 108685.     185.   21700.    3776.   24723.       0.    2638.       0.
       0.       0.]
(0, 0.05) 54498 [   256.   3772.  49434.    694.    342.      0.      0.      0.      0.
      0.]
(0.1, 0.15) 43153 [  7930.      0.  30094.   1967.   3162.      0.      0.      0.      0.
      0.]
(0.05, 0.1) 36357 [ 19692.    479.   8087.   3895.   4148.     53.      0.      3.      0.
      0.]
(0.15, 0.2) 20089 [   630.      0.    545.    163.  18751.      0.      0.      0.      0.
      0.]
(0.35, 0.4) 901 [   0.    0.    0.  683.    0.  218.    0.    0.    0.    0.]
(0.25, 0.3) 632 [ 285.   10.    4.   33.   79.    0.  221.    0.    0.    0.]
(0.3, 0.35) 409 [ 297.    0.    1.   69.    0.    0.    0.   42.    0.    0.]
(0.4, 0.45) 326 [  14.    0.    0.  106.    7.    0.    0.    0.  199.    0.]
(0.45, 0.5) 138 [   2.    0.    0.  110.   10.    0.    0.    0.    0.   16.]
auc evaluation
------ total evalution 
0.6849709286
------ seperate evalution 
(0, 0.05) 54498 class separate auc 0.863038160586
(0.05, 0.1) 36357 class separate auc 0.542974766313
(0.1, 0.15) 43153 class separate auc 0.720451155332
(0.15, 0.2) 20089 class separate auc 0.947463576749
(0.2, 0.25) 161707 class separate auc 0.801043560403
(0.25, 0.3) 632 class separate auc 0.922068447692
(0.3, 0.35) 409 class separate auc 0.95852372872
(0.4, 0.45) 326 class separate auc 0.994439559231
weighted_auc 0.781779214063
- tapsense
flag_idx_map {'10': 1, '1': 0, '3': 3, '2': 2, '5': 5, '4': 4, '7': 7, '6': 6, '9': 9, '8': 8}
sorted_filter_class []
sorted_filter_idx []
矩阵索引 类标记
0 1 (0, 0.05)
1 10 (0.45, 0.5)
2 2 (0.05, 0.1)
3 3 (0.1, 0.15)
4 4 (0.15, 0.2)
5 5 (0.2, 0.25)
6 6 (0.25, 0.3)
7 7 (0.3, 0.35)
8 8 (0.35, 0.4)
9 9 (0.4, 0.45)
confusion matrix [[ 0.  0.  0.  0.  0.  0.  0.  0.  0.  0.]
 [ 0.  0.  0.  0.  0.  0.  0.  0.  0.  0.]
 [ 0.  0.  0.  0.  0.  0.  0.  0.  0.  0.]
 [ 0.  0.  0.  0.  0.  0.  0.  0.  0.  0.]
 [ 0.  0.  0.  0.  0.  0.  0.  0.  0.  0.]
 [ 0.  0.  0.  0.  0.  0.  0.  0.  0.  0.]
 [ 0.  0.  0.  0.  0.  0.  0.  0.  0.  0.]
 [ 0.  0.  0.  0.  0.  0.  0.  0.  0.  0.]
 [ 0.  0.  0.  0.  0.  0.  0.  0.  0.  0.]
 [ 0.  0.  0.  0.  0.  0.  0.  0.  0.  0.]]
只列出测试样本数量大于1000的类别的分类效果
idx_flag_map {0: '1', 1: '10', 2: '2', 3: '3', 4: '4', 5: '5', 6: '6', 7: '7', 8: '8', 9: '9'}
auc evaluation
------ total evalution 
------ seperate evalution 
weighted_auc 0


----------------
adx weighted_auc
youku 0.723017904378
adiquity 0.998494575299
axonix 0.920286391338
doubleclick 0.801326453349
inmobi 0.877896093555 
nexage 0.979487554602 
smaato 0.781779214063



